% -------------------------------------------------------------------
%  Generated by MATLAB on 22-Jul-2021 19:42:38
%  MATLAB version: 9.11.0.1687835 (R2021b) Prerelease
% -------------------------------------------------------------------
                                                       

smiData = struct;
smiData.RigidTransform = struct;
smiData.RigidTransform(1).translation = ...
  [-5.0000000000000044 5.0000000000000044 0];
smiData.RigidTransform(1).angle = 2.0943951023931953;
smiData.RigidTransform(1).axis = [0.57735026918962584 0.57735026918962584 ...
                                  0.57735026918962584];
smiData.RigidTransform(1).ID = 'B[link-2:-:beam-1]';
smiData.RigidTransform(2).translation = ...
  [29.999999999999659 150.0000000000083 9.9475983006414026E-14];
smiData.RigidTransform(2).angle = 2.0943951023931966;
smiData.RigidTransform(2).axis = [0.5773502691896264 0.57735026918962618 ...
                                  0.57735026918962484];
smiData.RigidTransform(2).ID = 'F[link-2:-:beam-1]';
smiData.RigidTransform(3).translation = ...
  [-5.0000000000000044 5.0000000000000044 0];
smiData.RigidTransform(3).angle = 2.0943951023931953;
smiData.RigidTransform(3).axis = [0.57735026918962584 0.57735026918962584 ...
                                  0.57735026918962584];
smiData.RigidTransform(3).ID = 'B[link-1:-:uppershaft-1]';
smiData.RigidTransform(4).translation = ...
  [0 30.000000000000014 3.5527136788005009E-15];
smiData.RigidTransform(4).angle = 2.0943951023931953;
smiData.RigidTransform(4).axis = [-0.57735026918962562 -0.57735026918962584 ...
                                  -0.577350269189626];
smiData.RigidTransform(4).ID = 'F[link-1:-:uppershaft-1]';
smiData.RigidTransform(5).translation = ...
  [19.999999999999989 -10.000000000000002 -35];
smiData.RigidTransform(5).angle = 2.0943951023931953;
smiData.RigidTransform(5).axis = [-0.57735026918962584 -0.57735026918962584 ...
                                  -0.57735026918962584];
smiData.RigidTransform(5).ID = 'B[frame-1:-:link-1]';
smiData.RigidTransform(6).translation = ...
  [-1.4210854715202004E-14 99.999999999999957 3.1554436208840472E-30];
smiData.RigidTransform(6).angle = 3.1415926535897931;
smiData.RigidTransform(6).axis = [5.5511151231257839E-17 -0.70710678118654757 ...
                                  0.70710678118654757];
smiData.RigidTransform(6).ID = 'F[frame-1:-:link-1]';
smiData.RigidTransform(7).translation = ...
  [19.999999999999936 -10.000000000000002 35];
smiData.RigidTransform(7).angle = 2.0943951023931953;
smiData.RigidTransform(7).axis = [-0.57735026918962584 -0.57735026918962584 ...
                                  -0.57735026918962584];
smiData.RigidTransform(7).ID = 'B[frame-1:-:link-2]';
smiData.RigidTransform(8).translation = ...
  [-2.842170943040402E-14 99.999999999999986 5.6843418860808027E-14];
smiData.RigidTransform(8).angle = 1.5707963267948966;
smiData.RigidTransform(8).axis = [1 -0 -0];
smiData.RigidTransform(8).ID = 'F[frame-1:-:link-2]';
smiData.RigidTransform(9).translation = ...
  [0 10.000000000000009 5.0000000000000044];
smiData.RigidTransform(9).angle = 3.1415926535897931;
smiData.RigidTransform(9).axis = [1 0 0];
smiData.RigidTransform(9).ID = 'B[beam-1:-:cup-1]';
smiData.RigidTransform(10).translation = ...
  [1.2501111257279263E-12 -10.000000000000622 9.3862604299233472E-14];
smiData.RigidTransform(10).angle = 2.0943951023931953;
smiData.RigidTransform(10).axis = [-0.57735026918962562 -0.57735026918962606 ...
                                   -0.57735026918962551];
smiData.RigidTransform(10).ID = 'F[beam-1:-:cup-1]';
smiData.RigidTransform(11).translation = ...
  [56.544606405202366 64.328203197097267 127.72004420477401];
smiData.RigidTransform(11).angle = 0;
smiData.RigidTransform(11).axis = [0 0 0];
smiData.RigidTransform(11).ID = 'RootGround[frame-1]';
smiData.Solid = struct;
smiData.Solid(1).mass = 0.14225086789675789;
smiData.Solid(1).CoM = [0.00016915345266930927 17.73949542719464 1.4166480211533252E-5 ...
                        ];
smiData.Solid(1).MoI = [54.0850122299709 89.029947018780959 54.076239562064 ...
                        ];
smiData.Solid(1).PoI = [-0.00011581177445760694 -0.00058962833842672146 ...
                        -0.00023229469966120446];
smiData.Solid(1).color = [0.89803921568627454 0.91764705882352937 0.92941176470588238 ...
                          ];
smiData.Solid(1).opacity = 1;
smiData.Solid(1).ID = 'cup*:*Default';
smiData.Solid(2).mass = 0.024299999999999995;
smiData.Solid(2).CoM = [0 46.963495408493628 0];
smiData.Solid(2).MoI = [16.992034763781621 0.40141048495634757 16.988445248737968 ...
                        ];
smiData.Solid(2).PoI = [0 0 0];
smiData.Solid(2).color = [0.89803921568627454 0.91764705882352937 0.92941176470588238 ...
                          ];
smiData.Solid(2).opacity = 1;
smiData.Solid(2).ID = 'link*:*Default';
smiData.Solid(3).mass = 0.061039712479413435;
smiData.Solid(3).CoM = [0 115.60796589159959 0];
smiData.Solid(3).MoI = [267.75127437018847 1.0245075714108622 267.75127437018847 ...
                        ];
smiData.Solid(3).PoI = [0 0 0];
smiData.Solid(3).color = [0.89803921568627454 0.91764705882352937 0.92941176470588238 ...
                          ];
smiData.Solid(3).opacity = 1;
smiData.Solid(3).ID = 'beam*:*Default';
smiData.Solid(4).mass = 0.12853971247941345;
smiData.Solid(4).CoM = [2.3556474784924029 -4.9999999999999991 0];
smiData.Solid(4).MoI = [114.25065535869234 429.56044287000037 317.45211605263154 ...
                        ];
smiData.Solid(4).PoI = [0 0 0];
smiData.Solid(4).color = [0.89803921568627454 0.91764705882352937 0.92941176470588238 ...
                          ];
smiData.Solid(4).opacity = 1;
smiData.Solid(4).ID = 'frame*:*Default';
smiData.Solid(5).mass = 0.0053014376029327766;
smiData.Solid(5).CoM = [0 0 0];
smiData.Solid(5).MoI = [4.4261481653652295 0.016566992509164932 4.4261481653652295 ...
                        ];
smiData.Solid(5).PoI = [0 0 0];
smiData.Solid(5).color = [0.89803921568627454 0.91764705882352937 0.92941176470588238 ...
                          ];
smiData.Solid(5).opacity = 1;
smiData.Solid(5).ID = 'uppershaft*:*Default';
smiData.CylindricalJoint = struct;
smiData.CylindricalJoint(1).Rz = struct;
smiData.CylindricalJoint(1).Rz.Pos = -110.70626710793236;
smiData.CylindricalJoint(1).Pz = struct;
smiData.CylindricalJoint(1).Pz.Pos = 0;
smiData.CylindricalJoint(1).ID = '[link-2:-:beam-1]';
smiData.CylindricalJoint(2).Rz = struct;
smiData.CylindricalJoint(2).Rz.Pos = 180;
smiData.CylindricalJoint(2).Pz = struct;
smiData.CylindricalJoint(2).Pz.Pos = 0;
smiData.CylindricalJoint(2).ID = '[link-1:-:uppershaft-1]';
smiData.RevoluteJoint = struct;
smiData.RevoluteJoint.Rz = struct;
smiData.RevoluteJoint.Rz.Pos = 3.4092816495509184E-13;
smiData.RevoluteJoint.ID = '[beam-1:-:cup-1]';

